0
1
10
100
101
102
103
104
106
107
108
109
11
111
113
114
115
116
118
12
120
121
122
123
124
125
127
128
129
13
130
131
132
133
134
135
137
138
139
14
140
141
142
143
144
145
146
147
149
15
150
151
152
153
154
156
157
159
16
160
161
162
163
164
165
166
167
168
169
17
170
171
172
173
174
175
176
177
178
18
180
181
183
184
186
187
188
19
190
191
192
195
196
197
199
2
20
200
201
202
203
204
205
206
207
208
209
22
23
24
25
26
27
28
29
3
30
31
32
33
34
35
36
37
38
39
4
40
41
42
43
44
45
46
47
48
49
5
50
51
53
54
55
56
57
58
59
6
60
61
62
63
64
65
66
67
68
69
7
70
71
72
73
74
75
76
77
78
79
8
80
81
82
84
85
86
87
88
89
9
90
91
92
93
94
95
96
97
98
